806616391 柚兮i 1006 1
1729203975 ◥B◤稳稳地幸福 1006 1
806616391 柚兮i 1006 1
806616391 柚兮i 1006 1
806616391 柚兮i 1006 1
806616391 柚兮i 1006 1
1609328559 3594 哈哈 1006 1
1690219338 DaDa 1006 1
452312382 【娛+】3⒌9⒋未 必 ★作死天团★ 1006 1
1609328559 3594 哈哈 1006 1
1609328559 3594 哈哈 1006 1
1609328559 3594 哈哈 1006 1
1609328559 3594 哈哈 1006 1
1609328559 3594 哈哈 1006 1
1609328559 3594 哈哈 1006 1
1609328559 3594 哈哈 1006 1
1609328559 3594 哈哈 1006 1
427087975 【３⒌⒐４】╰❥ 勃朗宁 ✦膨胀之枪 1006 1
1609328559 3594 哈哈 1006 1
1772999185 与毕同行 1006 1
196689444 ╰ゝ゛娱＋3⒌9⒋✦毕小宏 ♥毕家军 1006 1
452312382 【娛+】3⒌9⒋未 必 ★作死天团★ 1006 1
1087847707 【作】3⒌9⒋守 望 ☞与毕同行☜ 1006 1
452178918 贡献已够1000 1006 1
452312382 【娛+】3⒌9⒋未 必 ★作死天团★ 1006 1
806616391 柚兮i 1006 1
806616391 柚兮i 1006 1
1421090093 【娛+】3⒌9⒋老  幺♥毕家军 1006 1
806616391 柚兮i 1006 1
806616391 柚兮i 1006 1
806616391 柚兮i 1006 1
806616391 柚兮i 1006 1
806616391 柚兮i 1006 1
806616391 柚兮i 1006 1
806616391 柚兮i 1006 1
806616391 柚兮i 1006 1
806616391 柚兮i 1006 1
806616391 柚兮i 1006 1
806616391 柚兮i 1006 1
806616391 柚兮i 1006 1
806616391 柚兮i 1006 1
806616391 柚兮i 1006 1
806616391 柚兮i 1006 1
806616391 柚兮i 1006 1
806616391 柚兮i 1006 1
806616391 柚兮i 1006 1
806616391 柚兮i 1006 1
806616391 柚兮i 1006 1
806616391 柚兮i 1006 1
806616391 柚兮i 1006 1
806616391 柚兮i 1006 1
806616391 柚兮i 1006 1
806616391 柚兮i 1006 1
806616391 柚兮i 1006 1
806616391 柚兮i 1006 1
154804630 王罖尫 王先生-老毕加油7038招主播 1006 666
806616391 柚兮i 1006 1
806616391 柚兮i 1006 1
154804630 王罖尫 王先生-老毕加油7038招主播 1006 666
2470781 按住了baby 1006 1
154804630 王罖尫 王先生-老毕加油7038招主播 1006 666
544358151 爱☞￡āng 1006 66
999318872 小火 1006 1
193164472 「枪心」Jaℒ丶北海 〈桀骜不驯〉 402 11
864662471 821430  AliVe 1006 1314
864662471 821430  AliVe 1006 1314
864662471 821430  AliVe 1006 1314
1057702558 【娛+5349】神话人 ‹Ｋ家护卫队› 1003 1
585143351  1003 1
1075334568 【作】3⒌9⒋强  爷 ☞与毕同行☜ 1003 1
80888233 3594ン辛 哥✈【已经上山了】 1006 1
12467202 回锅肉 1006 1
1276575216 没心没肺、 1003 1
1116434518 书呆子 402 1
1086663666 ✿ Ｍ ✿⒊⒌⒐⒋毕Lacey【爱老毕】 1003 1
544358151 爱☞￡āng 1006 1
868234764 3.6.7.6龍啸九天 1174 1
882489828 3⒌9⒋✦毕离殇 ♥毕家军 1006 1
69159839 【作】3⒌9⒋毕小翼★与毕同行★ 1003 1
544358151 爱☞￡āng 1006 1
544358151 爱☞￡āng 1006 1
544358151 爱☞￡āng 1006 1
806616391 柚兮i 1006 1
806616391 柚兮i 1006 1
806616391 柚兮i 1006 1
806616391 柚兮i 1006 1
806616391 柚兮i 1006 1
806616391 柚兮i 1006 1
806616391 柚兮i 1006 1
806616391 柚兮i 1006 1
806616391 柚兮i 1006 1
806616391 柚兮i 1006 1
806616391 柚兮i 1006 1
806616391 柚兮i 1006 1
806616391 柚兮i 1006 1
806616391 柚兮i 1006 1
806616391 柚兮i 1006 1
806616391 柚兮i 1006 1
806616391 柚兮i 1006 1
806616391 柚兮i 1006 1
806616391 柚兮i 1006 1
806616391 柚兮i 1006 1
806616391 柚兮i 1006 1
806616391 柚兮i 1006 1
806616391 柚兮i 1006 1
806616391 柚兮i 1006 1
806616391 柚兮i 1006 1
806616391 柚兮i 1006 1
806616391 柚兮i 1006 1
806616391 柚兮i 1006 1
806616391 柚兮i 1006 1
806616391 柚兮i 1006 1
806616391 柚兮i 1006 1
485612041 小猛 1006 9
1667181156 阿伟 1006 1
193164472 「枪心」Jaℒ丶北海 〈桀骜不驯〉 1003 1
1378153927 【作】3⒌9⒋新  城 ☞与毕同行☜ 1005 1
193164472 「枪心」Jaℒ丶北海 〈桀骜不驯〉 1003 1
193164472 「枪心」Jaℒ丶北海 〈桀骜不驯〉 1003 1
193164472 「枪心」Jaℒ丶北海 〈桀骜不驯〉 1003 1
193164472 「枪心」Jaℒ丶北海 〈桀骜不驯〉 1003 1
193164472 「枪心」Jaℒ丶北海 〈桀骜不驯〉 1003 1
132294881 ╰ゝ゛娱＋3⒌9⒋✦青  墨 ♥毕家军 402 1
673283402 ．迷路姬 1006 1
193164472 「枪心」Jaℒ丶北海 〈桀骜不驯〉 1003 1
1340694623 叁伍玖肆 1006 1
711355104 【毕】╰⋛ 诺 诺 ⋚╯★至尊皇马团★ 1006 1
147288675 优买吧-联想 1006 1
140119266 3594☞哈利路亚 1006 1
986965834 光头强 1016 1
140119266 3594☞哈利路亚 1006 1
222515782 ( ◕ ⊖ ◕ )悠悠 402 1
140119266 3594☞哈利路亚 1006 1
140119266 3594☞哈利路亚 1006 1
140119266 3594☞哈利路亚 1006 1
140119266 3594☞哈利路亚 1006 1
1441486457 嗯嗯哈哈 402 1
380939 3594Ironhide【戰地观摩团】 1006 10
986965834 光头强 1003 1
986965834 光头强 1003 1
986965834 光头强 1003 1
986965834 光头强 1003 1
986965834 光头强 1003 1
986965834 光头强 1003 1
986965834 光头强 1003 1
140119266 3594☞哈利路亚 402 1
986965834 光头强 1003 1
986965834 光头强 1003 1
140119266 3594☞哈利路亚 402 1
140119266 3594☞哈利路亚 402 1
986965834 光头强 1003 1
140119266 3594☞哈利路亚 402 1
1172433585 3594 丶 回忆 1006 1
806616391 柚兮i 402 1
986965834 光头强 1003 1
140119266 3594☞哈利路亚 402 1
140119266 3594☞哈利路亚 402 1
806616391 柚兮i 402 1
806616391 柚兮i 402 1
986965834 光头强 1003 1
806616391 柚兮i 402 1
806616391 柚兮i 402 1
806616391 柚兮i 402 1
806616391 柚兮i 402 1
806616391 柚兮i 402 1
806616391 柚兮i 402 1
806616391 柚兮i 402 1
806616391 柚兮i 402 1
806616391 柚兮i 402 1
806616391 柚兮i 402 1
806616391 柚兮i 402 1
806616391 柚兮i 402 1
806616391 柚兮i 402 1
806616391 柚兮i 402 1
806616391 柚兮i 402 1
806616391 柚兮i 402 1
806616391 柚兮i 402 1
806616391 柚兮i 402 1
806616391 柚兮i 402 1
806616391 柚兮i 402 1
806616391 柚兮i 402 1
806616391 柚兮i 402 1
806616391 柚兮i 402 1
806616391 柚兮i 402 1
806616391 柚兮i 402 1
806616391 柚兮i 402 1
806616391 柚兮i 402 1
806616391 柚兮i 402 1
404369190 【作】3⒌9⒋夏夜 1006 1
1498819405 娱+喵儿【报名毕徒】 1006 66
484285871 时❥迁 1006 1
1498819405 娱+喵儿【报名毕徒】 1006 66
152311107 ╰ゝ゛娱＋3⒌9⒋✦妖  夜 ♥毕家军 1379 1
365003076 白手· 1006 1
1498819405 娱+喵儿【报名毕徒】 1006 66
1262711996 【毕】╰⋛啊谁⋚╯关注10.31我毕生 1006 1
1498819405 娱+喵儿【报名毕徒】 1006 66
1477284233 ③⑤⑨④☆自由人♚ 1006 1
1665281949 毕如风 1006 1
1498819405 娱+喵儿【报名毕徒】 1006 66
1665281949 毕如风 1006 1
1820922952 🏖马克 1006 10
1665281949 毕如风 1006 1
1665281949 毕如风 1006 1
1665281949 毕如风 1006 1
1665281949 毕如风 1006 1
1665281949 毕如风 1006 1
1498819405 娱+喵儿【报名毕徒】 1006 66
1665281949 毕如风 1006 1
1665281949 毕如风 1006 1
806616391 柚兮i 402 1
1665281949 毕如风 1006 1
541384162 ♥¨  小骚牌ღ 1006 1
1665281949 毕如风 1006 1
1665281949 毕如风 1006 1
806616391 柚兮i 402 1
806616391 柚兮i 402 1
806616391 柚兮i 402 1
1498819405 娱+喵儿【报名毕徒】 1006 66
1843605019 娱＋3⒌9⒋✦陌路 ♥毕家军 402 1
1498819405 娱+喵儿【报名毕徒】 1006 66
17061294 445 402 1
1728036809 R＾ 1006 1
1766103433 *小蜜唲 1006 1
1498819405 娱+喵儿【报名毕徒】 1006 66
101249659 【爵】神  乐☞关注毕家10.31生日会 1006 1
15865860 相❤公 1006 1
1498819405 娱+喵儿【报名毕徒】 1006 66
1498819405 娱+喵儿【报名毕徒】 1006 66
806616391 柚兮i 402 1
1633204810 3594毕云天 1379 1
1498819405 娱+喵儿【报名毕徒】 1006 66
806616391 柚兮i 402 1
1728036809 R＾ 1006 1
1766103433 *小蜜唲 1006 1
1498819405 娱+喵儿【报名毕徒】 1006 66
1498819405 娱+喵儿【报名毕徒】 1006 66
1728036809 R＾ 1006 1
1524969907 A☞加菲猫の安静的听 1006 1
1498819405 娱+喵儿【报名毕徒】 1006 66
1498819405 娱+喵儿【报名毕徒】 1006 66
7717523 🌹༺ཌ天༈赐༒瑞༈哥ད༻🌹 402 1
1498819405 娱+喵儿【报名毕徒】 1006 66
1498819405 娱+喵儿【报名毕徒】 1006 66
1766103433 *小蜜唲 1006 1
1766103433 *小蜜唲 1006 1
92253651 十一 1006 1
1766103433 *小蜜唲 1006 1
1057263902 3594    老司机 1006 1
166616051 ╰ゝ゛娱＋3⒌9⒋✦天  晴♥毕家军 402 1
1766103433 *小蜜唲 1006 1
1517264697 团子吖 1006 1
1766103433 *小蜜唲 1006 1
1265984691 3594-谢先生 1006 1
1498819405 娱+喵儿【报名毕徒】 1006 1
1498819405 娱+喵儿【报名毕徒】 1006 1
1498819405 娱+喵儿【报名毕徒】 1006 1
1498819405 娱+喵儿【报名毕徒】 1006 1
1498819405 娱+喵儿【报名毕徒】 1006 1
1498819405 娱+喵儿【报名毕徒】 1006 1
1498819405 娱+喵儿【报名毕徒】 1006 1
1498819405 娱+喵儿【报名毕徒】 1006 1
1498819405 娱+喵儿【报名毕徒】 1006 1
1498819405 娱+喵儿【报名毕徒】 1006 1
1498819405 娱+喵儿【报名毕徒】 1006 1
1498819405 娱+喵儿【报名毕徒】 1006 1
1498819405 娱+喵儿【报名毕徒】 1006 1
1498819405 娱+喵儿【报名毕徒】 1006 1
1498819405 娱+喵儿【报名毕徒】 1006 1
1498819405 娱+喵儿【报名毕徒】 1006 1
1498819405 娱+喵儿【报名毕徒】 1006 1
1498819405 娱+喵儿【报名毕徒】 1006 1
1498819405 娱+喵儿【报名毕徒】 1006 1
1498819405 娱+喵儿【报名毕徒】 1006 1
1498819405 娱+喵儿【报名毕徒】 1006 1
1498819405 娱+喵儿【报名毕徒】 1006 1
1498819405 娱+喵儿【报名毕徒】 1006 1
193164472 「枪心」Jaℒ丶北海 〈桀骜不驯〉 1003 1
1498819405 娱+喵儿【报名毕徒】 1006 1
1498819405 娱+喵儿【报名毕徒】 1006 1
1498819405 娱+喵儿【报名毕徒】 1006 1
1498819405 娱+喵儿【报名毕徒】 1006 1
1498819405 娱+喵儿【报名毕徒】 1006 1
1834983792 (｡･㉨･｡)ﾉ♡ 爱你么么哒 1006 1
1498819405 娱+喵儿【报名毕徒】 1006 1
193164472 「枪心」Jaℒ丶北海 〈桀骜不驯〉 1003 1
1498819405 娱+喵儿【报名毕徒】 1006 1
1498819405 娱+喵儿【报名毕徒】 1006 1
427694 牧童 1006 1
1498819405 娱+喵儿【报名毕徒】 1006 1
1177261233 偏执怪人 1006 1
1177261233 偏执怪人 1006 1
1498819405 娱+喵儿【报名毕徒】 1006 1
1498819405 娱+喵儿【报名毕徒】 1006 1
1498819405 娱+喵儿【报名毕徒】 1006 1
1498819405 娱+喵儿【报名毕徒】 1006 1
1498819405 娱+喵儿【报名毕徒】 1006 1
1498819405 娱+喵儿【报名毕徒】 1006 1
1498819405 娱+喵儿【报名毕徒】 1006 1
1498819405 娱+喵儿【报名毕徒】 1006 1
806616391 柚兮i 402 1
1498819405 娱+喵儿【报名毕徒】 1006 1
1498819405 娱+喵儿【报名毕徒】 1006 1
1498819405 娱+喵儿【报名毕徒】 1006 1
3520419 ╰⋛ 半目浮生 ⋚╯❤骚气爵位团 1006 1
1498819405 娱+喵儿【报名毕徒】 1006 1
806616391 柚兮i 402 1
806616391 柚兮i 402 1
1498819405 娱+喵儿【报名毕徒】 1006 1
806616391 柚兮i 402 1
14564305 我只看毕加索★作死天团★ 1006 1
1498819405 娱+喵儿【报名毕徒】 1006 1
806616391 柚兮i 402 1
806616391 柚兮i 402 1
806616391 柚兮i 402 1
1498819405 娱+喵儿【报名毕徒】 1006 1
1498819405 娱+喵儿【报名毕徒】 1006 1
806616391 柚兮i 402 1
90791522 豆芽 1006 1
1498819405 娱+喵儿【报名毕徒】 1006 1
806616391 柚兮i 402 1
14564305 我只看毕加索★作死天团★ 1006 1
806616391 柚兮i 402 1
1498819405 娱+喵儿【报名毕徒】 1006 1
1088275464 【娛+】3⒌9⒋若  凡 ★作死天团★ 1006 1
806616391 柚兮i 402 1
806616391 柚兮i 402 1
1498819405 娱+喵儿【报名毕徒】 1006 1
806616391 柚兮i 402 1
806616391 柚兮i 402 1
1498819405 娱+喵儿【报名毕徒】 1006 1
14564305 我只看毕加索★作死天团★ 1006 1
806616391 柚兮i 402 1
1498819405 娱+喵儿【报名毕徒】 1006 1
806616391 柚兮i 402 1
427694 牧童 1006 1
806616391 柚兮i 402 1
806616391 柚兮i 402 1
1498819405 娱+喵儿【报名毕徒】 1006 1
14564305 我只看毕加索★作死天团★ 1006 1
806616391 柚兮i 402 1
1498819405 娱+喵儿【报名毕徒】 1006 1
806616391 柚兮i 402 1
1498819405 娱+喵儿【报名毕徒】 1006 1
14564305 我只看毕加索★作死天团★ 1006 1
806616391 柚兮i 402 1
14564305 我只看毕加索★作死天团★ 1006 1
14564305 我只看毕加索★作死天团★ 1006 1
806616391 柚兮i 402 1
14564305 我只看毕加索★作死天团★ 1006 1
806616391 柚兮i 402 1
806616391 柚兮i 402 1
14564305 我只看毕加索★作死天团★ 1006 1
806616391 柚兮i 402 1
806616391 柚兮i 402 1
14564305 我只看毕加索★作死天团★ 1006 1
806616391 柚兮i 402 1
806616391 柚兮i 402 1
806616391 柚兮i 402 1
806616391 柚兮i 402 1
806616391 柚兮i 402 1
806616391 柚兮i 402 1
1498819405 娱+喵儿【报名毕徒】 1006 1
1581435405 3594辣条味的屎 1006 1
14564305 我只看毕加索★作死天团★ 1006 1
1498819405 娱+喵儿【报名毕徒】 1006 1
14564305 我只看毕加索★作死天团★ 1006 1
1581435405 3594辣条味的屎 1006 1
1518087226 再无此人 1006 1
14564305 我只看毕加索★作死天团★ 1006 1
20100423 ╰ゝ゛娱＋3⒌9⒋✦夏天 ♥毕家军 1006 1
1274438901 觉得 1006 1
1672628484 【作】速   8    作死团颜王 1006 1
806616391 柚兮i 402 1
806616391 柚兮i 402 1
806616391 柚兮i 402 1
806616391 柚兮i 402 1
806616391 柚兮i 402 1
806616391 柚兮i 402 1
806616391 柚兮i 402 1
806616391 柚兮i 402 1
806616391 柚兮i 402 1
806616391 柚兮i 402 1
806616391 柚兮i 402 1
806616391 柚兮i 402 1
806616391 柚兮i 402 1
806616391 柚兮i 402 1
806616391 柚兮i 402 1
806616391 柚兮i 402 1
806616391 柚兮i 402 1
806616391 柚兮i 402 1
806616391 柚兮i 402 1
806616391 柚兮i 402 1
806616391 柚兮i 402 1
806616391 柚兮i 402 1
806616391 柚兮i 402 1
806616391 柚兮i 402 1
806616391 柚兮i 402 1
400762991 3⒌94Ally丽丽 1379 1
806616391 柚兮i 402 1
806616391 柚兮i 402 1
806616391 柚兮i 402 1
806616391 柚兮i 402 1
806616391 柚兮i 402 1
806616391 柚兮i 402 1
806616391 柚兮i 402 1
806616391 柚兮i 402 1
1789957283 3594.小陀螺 1006 66
806616391 柚兮i 402 1
806616391 柚兮i 402 1
806616391 柚兮i 402 1
806616391 柚兮i 402 1
806616391 柚兮i 402 1
806616391 柚兮i 402 1
806616391 柚兮i 402 1
806616391 柚兮i 402 1
806616391 柚兮i 402 1
806616391 柚兮i 402 1
806616391 柚兮i 402 1
806616391 柚兮i 402 1
806616391 柚兮i 402 1
806616391 柚兮i 402 1
806616391 柚兮i 402 1
806616391 柚兮i 402 1
806616391 柚兮i 402 1
806616391 柚兮i 402 1
806616391 柚兮i 402 1
806616391 柚兮i 402 1
806616391 柚兮i 402 1
1260402503 遇见 1006 1
806616391 柚兮i 402 1
806616391 柚兮i 402 1
806616391 柚兮i 402 1
806616391 柚兮i 402 1
806616391 柚兮i 402 1
806616391 柚兮i 402 1
806616391 柚兮i 402 1
806616391 柚兮i 402 1
806616391 柚兮i 402 1
806616391 柚兮i 402 1
806616391 柚兮i 402 1
58621481 ╰ゝ゛娱＋3⒌9⒋✦毕逐风 ♥毕家军 1006 1
806616391 柚兮i 402 1
806616391 柚兮i 402 1
806616391 柚兮i 402 1
1185666755 3594    死♛神 1006 1
806616391 柚兮i 402 1
642305949 【348】諾言乄橴玥 1006 1
77851763 海阔天空 1006 1
474250324 【娱+3594】小凡 1003 1
74467132 »> ♫゛回音 『音符♪ 薪水』 402 1
864662471 821430  AliVe 1006 1314
864662471 821430  AliVe 1006 1314
864662471 821430  AliVe 1006 1314
185277961 封心 1003 1
806616391 柚兮i 402 1
806616391 柚兮i 402 1
806616391 柚兮i 402 1
806616391 柚兮i 402 1
806616391 柚兮i 402 1
806616391 柚兮i 402 1
806616391 柚兮i 402 1
806616391 柚兮i 402 1
806616391 柚兮i 402 1
806616391 柚兮i 402 1
806616391 柚兮i 402 1
806616391 柚兮i 402 1
806616391 柚兮i 402 1
806616391 柚兮i 402 1
806616391 柚兮i 402 1
806616391 柚兮i 402 1
806616391 柚兮i 402 1
806616391 柚兮i 402 1
806616391 柚兮i 402 1
806616391 柚兮i 402 1
806616391 柚兮i 402 1
806616391 柚兮i 402 1
806616391 柚兮i 402 1
806616391 柚兮i 402 1
806616391 柚兮i 402 1
806616391 柚兮i 402 1
806616391 柚兮i 402 1
806616391 柚兮i 402 1
806616391 柚兮i 402 1
806616391 柚兮i 402 1
806616391 柚兮i 402 1
806616391 柚兮i 402 1
806616391 柚兮i 402 1
806616391 柚兮i 402 1
806616391 柚兮i 402 1
806616391 柚兮i 402 1
806616391 柚兮i 402 1
806616391 柚兮i 402 1
806616391 柚兮i 402 1
806616391 柚兮i 402 1
806616391 柚兮i 402 1
806616391 柚兮i 402 1
806616391 柚兮i 402 1
806616391 柚兮i 402 1
806616391 柚兮i 402 1
806616391 柚兮i 402 1
14711496 【作】3⒌9⒋杨禹倡 ★与毕同行★ 1379 1
806616391 柚兮i 402 1
806616391 柚兮i 402 1
806616391 柚兮i 402 1
806616391 柚兮i 402 1
806616391 柚兮i 402 1
806616391 柚兮i 402 1
806616391 柚兮i 402 1
806616391 柚兮i 402 1
806616391 柚兮i 402 1
806616391 柚兮i 402 1
806616391 柚兮i 402 1
806616391 柚兮i 402 1
806616391 柚兮i 402 1
806616391 柚兮i 402 1
806616391 柚兮i 402 1
806616391 柚兮i 402 1
806616391 柚兮i 402 1
806616391 柚兮i 402 1
806616391 柚兮i 402 1
806616391 柚兮i 402 1
806616391 柚兮i 402 1
806616391 柚兮i 402 1
806616391 柚兮i 402 1
806616391 柚兮i 402 1
806616391 柚兮i 402 1
806616391 柚兮i 402 1
806616391 柚兮i 402 1
1001323478 35.94 俺不认识你 1006 1
1114555794 令狐小虫 1006 1
465367910 保健寺丶 1006 1
306572451 尿片子 402 1
806616391 柚兮i 402 1
806616391 柚兮i 402 1
806616391 柚兮i 402 1
806616391 柚兮i 402 1
806616391 柚兮i 402 1
806616391 柚兮i 402 1
806616391 柚兮i 402 1
806616391 柚兮i 402 1
806616391 柚兮i 402 1
806616391 柚兮i 402 1
806616391 柚兮i 402 1
806616391 柚兮i 402 1
806616391 柚兮i 402 1
806616391 柚兮i 402 1
806616391 柚兮i 402 1
806616391 柚兮i 402 1
806616391 柚兮i 402 1
806616391 柚兮i 402 1
806616391 柚兮i 402 1
806616391 柚兮i 402 1
806616391 柚兮i 402 1
806616391 柚兮i 402 1
806616391 柚兮i 402 1
806616391 柚兮i 402 1
806616391 柚兮i 402 1
806616391 柚兮i 402 1
806616391 柚兮i 402 1
806616391 柚兮i 402 1
806616391 柚兮i 402 1
806616391 柚兮i 402 1
806616391 柚兮i 402 1
806616391 柚兮i 402 1
806616391 柚兮i 402 1
636254593 ╰ゝ゛娱＋3⒌9⒋✦毕Qiu ♥毕家军 1003 1
111735839 ╰ゝ゛娱＋3⒌9⒋✦毕  云客 ♥毕家军 1003 1
1663363419 心血来潮 1003 1
806616391 柚兮i 402 1
806616391 柚兮i 402 1
806616391 柚兮i 402 1
806616391 柚兮i 402 1
806616391 柚兮i 402 1
1342033202 【娛+】35.94.慕容左铭◥B◤ 1006 1
806616391 柚兮i 402 1
806616391 柚兮i 402 1
806616391 柚兮i 402 1
806616391 柚兮i 402 1
806616391 柚兮i 402 1
806616391 柚兮i 402 1
806616391 柚兮i 402 1
806616391 柚兮i 402 1
806616391 柚兮i 402 1
1420367941 3594【潔】 1006 1
806616391 柚兮i 402 1
806616391 柚兮i 402 1
806616391 柚兮i 402 1
806616391 柚兮i 402 1
1420367941 3594【潔】 1006 1
806616391 柚兮i 402 1
806616391 柚兮i 402 1
806616391 柚兮i 402 1
806616391 柚兮i 402 1
256843337 ╰ゝ3⒌9⒋相濡以沫 1006 1
806616391 柚兮i 402 1
806616391 柚兮i 402 1
806616391 柚兮i 402 1
1420367941 3594【潔】 1006 1
806616391 柚兮i 402 1
806616391 柚兮i 402 1
806616391 柚兮i 402 1
806616391 柚兮i 402 1
806616391 柚兮i 402 1
806616391 柚兮i 402 1
636254593 ╰ゝ゛娱＋3⒌9⒋✦毕Qiu ♥毕家军 1006 1
1190667443 深度 1006 1
1372895275 3594 毕须瘦 1006 1
467419243 ❤゛深情是药    队员 1006 1
183972575 ﹏战义、世界≮兄弟情深≯ 1174 1
64593963 CG传媒 战地吃瓜 1006 1
820160700 3594少年☞ 1006 1
365003076 白手· 1006 1
74523530 わ     耶稣 ♧ 1379 1
365003076 白手· 1006 1
365003076 白手· 1006 1
365003076 白手· 1006 1
365003076 白手· 1006 1
365003076 白手· 1006 1
365003076 白手· 1006 1
365003076 白手· 1006 1
365003076 白手· 1006 1
365003076 白手· 1006 1
365003076 白手· 1006 1
365003076 白手· 1006 1
365003076 白手· 1006 1
365003076 白手· 1006 1
365003076 白手· 1006 1
365003076 白手· 1006 1
365003076 白手· 1006 1
365003076 白手· 1006 1
1237769693 ╰ゝ゛娛＋3⒌9⒋ ✦仁人  ♥ 1006 1
365003076 白手· 1006 1
365003076 白手· 1006 1
365003076 白手· 1006 1
365003076 白手· 1006 1
365003076 白手· 1006 1
365003076 白手· 1006 1
365003076 白手· 1006 1
365003076 白手· 1006 1
365003076 白手· 1006 1
365003076 白手· 1006 1
365003076 白手· 1006 1
365003076 白手· 1006 1
365003076 白手· 1006 1
365003076 白手· 1006 1
365003076 白手· 1006 1
1131188611 3594你爹 1006 1
1329695959 开开心心 1006 1
365003076 白手· 1006 1
365003076 白手· 1006 1
1193795322 蓝色海洋 1006 1
365003076 白手· 1006 1
365003076 白手· 1006 1
365003076 白手· 1006 1
365003076 白手· 1006 1
634120239 大白【全世界独宠小白一人】 1003 1
1647459213 3 5 9 4趙大可 1006 1
1446388323 【作】35.94.无心☞与毕同行☜ 1006 1
63946507 难得糊涂 1006 1
1509035694 子非鱼 402 1
506918709 dy 402 10
997144190 我是谁 1006 1
1118312835 3⒌9⒋魔河一世♥关注10.31 1379 1
506918709 dy 402 10
340631609 美丽 1006 1
340631609 美丽 1006 1
340631609 美丽 1006 1
340631609 美丽 1006 1
340631609 美丽 1006 1
340631609 美丽 1006 1
395820926 ゞ┆锦瑟┊♔丶转 笙 1006 1
1221850482 ，h， 1006 1
196389827 郁  风 1006 1
1776020305 周贺 1006 1
399619022 ____尘封 1003 1
1324529521 忘却 402 1
2172098184 娱+3594毕毕 1379 1
399728484 囖 1379 1
1324529521 忘却 402 1
1324529521 忘却 402 1
1324529521 忘却 402 1
356289690 19127宁缺 祝冷冷生日快乐 1379 1
73010189 ╰ゝ゛娱＋3⒌9⒋✦毕 下♥勋爵作死团 1379 1
128402329 懒懒 1006 1
1638561 (´・ω・`)蝌蚪 1006 1
8788524 麟 1379 1
183338366 。。。。 1006 1
8146971 猫大人 1006 1
1435983968 【毕】１６４９３、飞翔【Ｍoco】 1006 1
977759872 【娛+】3⒌9⒋小  明 ★作死天团★ 402 1
418372962 ♔冥冥三光♔ 1006 1
183338366 。。。。 1006 1
1259185213 3594    爱谁谁 1174 1
183338366 。。。。 1006 1
728625195 为我炽热保卫护航↗ 1174 1
806616391 柚兮i 402 1
97641127 冷静 1379 1
143049249 洒脱岁月长河 402 10
806616391 柚兮i 402 1
806616391 柚兮i 402 1
806616391 柚兮i 402 1
806616391 柚兮i 402 1
806616391 柚兮i 402 1
806616391 柚兮i 402 1
806616391 柚兮i 402 1
806616391 柚兮i 402 1
806616391 柚兮i 402 1
806616391 柚兮i 402 1
806616391 柚兮i 402 1
806616391 柚兮i 402 1
806616391 柚兮i 402 1
806616391 柚兮i 402 1
806616391 柚兮i 402 1
806616391 柚兮i 402 1
806616391 柚兮i 402 1
806616391 柚兮i 402 1
806616391 柚兮i 402 1
806616391 柚兮i 402 1
806616391 柚兮i 402 1
806616391 柚兮i 402 1
806616391 柚兮i 402 1
806616391 柚兮i 402 1
806616391 柚兮i 402 1
806616391 柚兮i 402 1
806616391 柚兮i 402 1
806616391 柚兮i 402 1
806616391 柚兮i 402 1
806616391 柚兮i 402 1
806616391 柚兮i 402 1
806616391 柚兮i 402 1
143049249 洒脱岁月长河 402 1
143049249 洒脱岁月长河 1379 10
143049249 洒脱岁月长河 1379 10
152796992 雄²（3594-1/3000） 1379 1
143049249 洒脱岁月长河 1379 10
737914448 蝴蝶结 402 1
854290958 【 作  】࿓談࿆何࿆容࿆易 1006 1
410887254 【作】3⒌9⒋毕勇龘 ★与毕同行★ 1006 1
1315969418 风之幻001 1003 1
755427005 你微笑时候的样子很丑~ 1003 1
1801125035 展硕 {普通群众} 1006 1
1251251857 ╰ゝ゛娱＋3⒌9⒋✦毕须鲜 ♥毕家军 1006 1
1498819405 娱+喵儿【报名毕徒】 1006 66
1498819405 娱+喵儿【报名毕徒】 1006 66
1498819405 娱+喵儿【报名毕徒】 1006 66
